"1.bmp" 0000 0000 00 00
"2.bmp" 0400 0000 00 00
"3.bmp" 0800 0000 00 00
"4.bmp" 0C00 0000 00 00
"5.bmp" 1000 0000 00 00
"6.bmp" 1400 0000 00 00
"7.bmp" 1800 0000 00 00
"8.bmp" 1C00 0000 00 00
"9.bmp" 2000 0000 00 00
"10.bmp" 2400 0000 00 00
"11.bmp" 2800 0000 00 00
"12.bmp" 2C00 0000 00 00
"13.bmp" 3000 0000 00 00
"14.bmp" 3400 0000 00 00
"15.bmp" 3800 0000 00 00
"16.bmp" 3C00 0000 00 00
"17.bmp" 4000 0000 00 00
"18.bmp" 4400 0000 00 00
"19.bmp" 4800 0000 00 00
"20.bmp" 4C00 0000 00 00
"21.bmp" 5000 0000 00 00
"22.bmp" 5400 0000 00 00
"23.bmp" 5800 0000 00 00
"24.bmp" 5C00 0000 00 00
"25.bmp" 6000 0000 00 00
"26.bmp" 6400 0000 00 00
"27.bmp" 6800 0000 00 00
"28.bmp" 6C00 0000 00 00
"29.bmp" 7000 0000 00 00
"30.bmp" 7400 0000 00 00
"31.bmp" 7800 0000 00 00
"32.bmp" 7C00 0000 00 00
"33.bmp" 8000 0000 00 00
"34.bmp" 8400 0000 00 00
"35.bmp" 8800 0000 00 00
"36.bmp" 8C00 0000 00 00
"37.bmp" 9000 0000 00 00
"38.bmp" 9400 0000 00 00
"39.bmp" 9800 0000 00 00
"40.bmp" 9C00 0000 00 00
"41.bmp" A000 0000 00 00
"42.bmp" A400 0000 00 00
"43.bmp" A800 0000 00 00
"44.bmp" AC00 0000 00 00
"45.bmp" B000 0000 00 00
"46.bmp" B400 0000 00 00
"47.bmp" B800 0000 00 00
"48.bmp" BC00 0000 00 00
"Icone_Cross_50x50x16.bmp" C000 0000 00 00
"Icone_Tick_50x50x16.bmp" D400 0000 00 00
"Message_Pb_De_Communication_111x27x16.bmp" E800 0000 00 00
