"0_Milieu_20x28x16.bmp" 0000 0000 00 00
"1_Milieu_20x28x16.bmp" 0600 0000 00 00
"2_Milieu_20x28x16.bmp" 0C00 0000 00 00
"3_Milieu_20x28x16.bmp" 1200 0000 00 00
"4_Milieu_20x28x16.bmp" 1800 0000 00 00
"5_Milieu_20x28x16.bmp" 1E00 0000 00 00
"6_Milieu_20x28x16.bmp" 2400 0000 00 00
"7_Milieu_20x28x16.bmp" 2A00 0000 00 00
"8_Milieu_20x28x16.bmp" 3000 0000 00 00
"9_Milieu_20x28x16.bmp" 3600 0000 00 00
"0_Haut_20x28x16.bmp" 3C00 0000 00 00
"1_Haut_20x28x16.bmp" 4200 0000 00 00
"2_Haut_20x28x16.bmp" 4800 0000 00 00
"3_Haut_20x28x16.bmp" 4E00 0000 00 00
"4_Haut_20x28x16.bmp" 5400 0000 00 00
"5_Haut_20x28x16.bmp" 5A00 0000 00 00
"6_Haut_20x28x16.bmp" 6000 0000 00 00
"7_Haut_20x28x16.bmp" 6600 0000 00 00
"8_Haut_20x28x16.bmp" 6C00 0000 00 00
"9_Haut_20x28x16.bmp" 7200 0000 00 00
"0_Bas_20x28x16.bmp" 7800 0000 00 00
"1_Bas_20x28x16.bmp" 7E00 0000 00 00
"2_Bas_20x28x16.bmp" 8400 0000 00 00
"3_Bas_20x28x16.bmp" 8A00 0000 00 00
"4_Bas_20x28x16.bmp" 9000 0000 00 00
"5_Bas_20x28x16.bmp" 9600 0000 00 00
"6_Bas_20x28x16.bmp" 9C00 0000 00 00
"7_Bas_20x28x16.bmp" A200 0000 00 00
"8_Bas_20x28x16.bmp" A800 0000 00 00
"9_Bas_20x28x16.bmp" AE00 0000 00 00
"OFF_Milieu_40x28x16.bmp" B400 0000 00 00
"OFF_Bas_40x28x16.bmp" BE00 0000 00 00
"0_Store_VR_Unset_19x18x16.bmp" C800 0000 00 00
"1_Store_VR_Set_19x18x16.bmp" CC00 0000 00 00
"Icone_Options_60x60x16.bmp" D000 0000 00 00
"Icone_Vent_74x60x16.bmp" EE00 0000 00 00
"Icone_Cross_50x50x16.bmp" 1200 0001 00 00
"Icone_Tick_50x50x16.bmp" 2600 0001 00 00
"Message_Pb_De_Communication_111x27x16.bmp" 3A00 0001 00 00
